6.272401429999999722e-01
6.260879139773554147e-01
6.249356849547108572e-01
6.237834559320662997e-01
6.226312269094217422e-01
6.214789978867771847e-01
6.203267688641326272e-01
6.191745398414880697e-01
6.180223108188435122e-01
6.168700817961989546e-01
6.157178527735542861e-01
6.145656237509097286e-01
6.134133947282651711e-01
6.122611657056206136e-01
6.111089366829760561e-01
6.099567076603314986e-01
6.072609265794580713e-01
6.026520105531741889e-01
5.980430945268904175e-01
5.934341785006065351e-01
5.888252624743226527e-01
5.842163464480387702e-01
5.796074304217548878e-01
5.749985143954711164e-01
5.703895983691872340e-01
5.657806823429033516e-01
5.611717663166194692e-01
5.565628502903355868e-01
5.519539342640518154e-01
5.473450182377679329e-01
5.427361022114840505e-01
5.381271861852001681e-01
5.335182701014961060e-01
5.289093540109178759e-01
5.243004379203396459e-01
5.196915218297614159e-01
5.150826057391831858e-01
5.104736896486049558e-01
5.058647735580266147e-01
5.012558574674483847e-01
4.966469413768701546e-01
4.920380252862919801e-01
4.874291091957136945e-01
4.828201931051354645e-01
4.782112770145571790e-01
4.736023609239789489e-01
4.689934448334006634e-01
4.643845287428224888e-01
4.597756126522442033e-01
4.551666965616659732e-01
4.505577804710877432e-01
4.459488643805094576e-01
4.413399482899312276e-01
4.367310321993529421e-01
4.321221161087747120e-01
4.275132000181964820e-01
4.229042839276182519e-01
4.182953678370400219e-01
4.136864517464617363e-01
4.090775356558835063e-01
4.044686195653052208e-01
3.998597034747270462e-01
3.952507873841488162e-01
3.906418712935705306e-01
3.860329552029923006e-01
3.814240391124140150e-01
3.768151230218357850e-01
3.722062069312574994e-01
3.675972908406793249e-01
3.629883747501010394e-01
3.583794586595228093e-01
3.537705425689445793e-01
3.491616264783662937e-01
3.445527103877880637e-01
3.399437942972098337e-01
3.353348782066316036e-01
3.307259621160533181e-01
3.261170460254750880e-01
3.209718724023452041e-01
3.140584982664778591e-01
3.071451241306104585e-01
3.002317499947431689e-01
2.933183758588758239e-01
2.864050017230084233e-01
2.794916275871410782e-01
2.725782534512736777e-01
2.656648793154063326e-01
2.587515051795390431e-01
2.518381310436716425e-01
2.449247569078042974e-01
2.380113827719369801e-01
2.310980086360695240e-01
2.241846345002022345e-01
2.172712603643349449e-01
1.978355482147190481e-01
1.724865097808332970e-01
1.471374713469469908e-01
1.217884329130612536e-01
9.643939447917491969e-02
7.109035604528918251e-02
4.574131761140343144e-02
2.039227917751712527e-02
-4.956759256368625799e-03
-3.030579769025493198e-02
-5.565483612414068304e-02
-8.100387455802643411e-02
-1.063529129919127403e-01
-1.317019514257984913e-01
-1.570509898596847975e-01
-1.764577151031136715e-01
-1.545653636728671898e-01
-1.326730122426202363e-01
-1.107806608123737546e-01
-8.888830938212678723e-02
-6.699595795188031944e-02
-4.510360652163333817e-02
-2.321125509138688425e-02
-1.318903661140402583e-03
2.057344776910657869e-02
4.246579919935303260e-02
6.435815062960001387e-02
8.625050205984649554e-02
1.081428534900929772e-01
1.300352049203399030e-01
1.519275563505863846e-01
1.606308711694298397e-01
1.594786421467852822e-01
1.583264131241407247e-01
1.571741841014961671e-01
1.560219550788516096e-01
1.548697260562070244e-01
1.537174970335624946e-01
1.525652680109179093e-01
1.514130389882733518e-01
1.502608099656287666e-01
1.491085809429842368e-01
1.479563519203396793e-01
1.468041228976950940e-01
1.456518938750505365e-01
1.444996648524059790e-01
1.432387349785685660e-01
1.363253608427012764e-01
1.294119867068338203e-01
1.224986125709665030e-01
1.155852384350990469e-01
1.086718642992317296e-01
1.017584901633642736e-01
9.484511602749697012e-02
8.793174189162966670e-02
8.101836775576221061e-02
7.410499361989489331e-02
6.719161948402743723e-02
6.027824534816013380e-02
5.336487121229266384e-02
4.645149707642536041e-02
3.953812294055805698e-02
3.637855153255156043e-02
3.753078055519611794e-02
3.868300957784068933e-02
3.983523860048523990e-02
4.098746762312981823e-02
4.213969664577436880e-02
4.329192566841892631e-02
4.444415469106349770e-02
4.559638371370805521e-02
4.674861273635262660e-02
4.790084175899718411e-02
4.905307078164173468e-02
5.020529980428631300e-02
5.135752882693086357e-02
5.250975784957544190e-02
5.366198687221998553e-02
5.691576568459369434e-02
6.037245275252733911e-02
6.382913982046098389e-02
6.728582688839471193e-02
7.074251395632835671e-02
7.419920102426208475e-02
7.765588809219572952e-02
8.111257516012945756e-02
8.456926222806310234e-02
8.802594929599674711e-02
9.148263636393047515e-02
9.493932343186413381e-02
9.839601049979784797e-02
1.018526975677315066e-01
1.053093846356651514e-01
1.087660717035988794e-01
1.122227587715325242e-01
1.156794458394662523e-01
1.191361329073999109e-01
1.225928199753336251e-01
1.260495070432673670e-01
1.295061941112009285e-01
1.329628811791346565e-01
1.364195682470683846e-01
1.398762553150021126e-01
1.433329423829356741e-01
1.467896294508694022e-01
1.502463165188031302e-01
1.537030035867366917e-01
1.571596906546704198e-01
1.606163777226041478e-01
1.650006453356248348e-01
1.696095613619085507e-01
1.742184773881924886e-01
1.788273934144764266e-01
1.834363094407601424e-01
1.880452254670440526e-01
1.926541414933279905e-01
1.972630575196117064e-01
2.018719735458956444e-01
2.064808895721795823e-01
2.110898055984632982e-01
2.156987216247472083e-01
2.203076376510311463e-01
2.249165536773150842e-01
2.295254697035988001e-01
2.344242546825717755e-01
2.401853997957946463e-01
2.459465449090172673e-01
2.517076900222401381e-01
2.574688351354630367e-01
2.632299802486859353e-01
2.689911253619085563e-01
2.747522704751314548e-01
2.805134155883542979e-01
2.862745607015769744e-01
2.920357058147998175e-01
2.977968509280227161e-01
3.035579960412456146e-01
3.093191411544682357e-01
3.150802862676911342e-01
3.208414313809140328e-01
3.266025764941365983e-01
3.323637216073594969e-01
3.381248667205823955e-01
3.438860118338050165e-01
3.496471569470279150e-01
3.554083020602508136e-01
3.611694471734736567e-01
3.669305922866962777e-01
3.726917373999191763e-01
3.784528825131420748e-01
3.842140276263646959e-01
3.899751727395875944e-01
3.957363178528104930e-01
4.014974629660333916e-01
4.072586080792559571e-01
4.130197531924788557e-01
4.187808983057017542e-01
4.245420434189243752e-01
4.303031885321472738e-01
4.360643336453701169e-01
4.418254787585930154e-01
4.475866238718156365e-01
4.533477689850385350e-01
4.591089140982614336e-01
4.648700592114840546e-01
4.706312043247068977e-01
4.763923494379297963e-01
4.821534945511526948e-01
4.879146396643753159e-01
4.936757847775982144e-01
4.994369298908210575e-01
5.038356910024262003e-01
5.072923780703598728e-01
5.107490651382936564e-01
5.142057522062273289e-01
5.176624392741608904e-01
5.211191263420946740e-01
5.245758134100283465e-01
5.280325004779619080e-01
5.314891875458956916e-01
5.349458746138293641e-01
5.384025616817630366e-01
5.418592487496965981e-01
5.453159358176303817e-01
5.487726228855640542e-01
5.522293099534976157e-01
5.556859970190051179e-01
5.591426840226445538e-01
5.625993710262836567e-01
5.660560580299230926e-01
5.695127450335624175e-01
5.729694320372017424e-01
5.764261190408409563e-01
5.798828060444802812e-01
5.833394930481196061e-01
5.867961800517588200e-01
5.902528670553982559e-01
5.937095540590375808e-01
5.971662410626769057e-01
6.006229280663161196e-01
6.040796150699554445e-01
6.075363020735947694e-01
6.115509868111603797e-01
6.161599029017387208e-01
6.207688189923170619e-01
6.253777350828952919e-01
6.299866511734734109e-01
6.345955672640517520e-01
6.392044833546300930e-01
6.438133994452082121e-01
6.484223155357864421e-01
6.530312316263647832e-01
6.576401477169431242e-01
6.622490638075212432e-01
6.668579798980995843e-01
6.714668959886778143e-01
6.760758120792559334e-01
6.806847281698342744e-01
6.842211291953094188e-01
6.876778162632432023e-01
6.911345033311767638e-01
6.945911903991104364e-01
6.980478774670442199e-01
7.015045645349777814e-01
7.049612516029114540e-01
7.084179386708452375e-01
7.118746257387789100e-01
7.153313128067125826e-01
7.187879998746462551e-01
7.222446869425800386e-01
7.257013740105136002e-01
7.291580610784472727e-01
7.326147481463810562e-01
7.369410420238576842e-01
7.427021871370805828e-01
7.484633322503034814e-01
7.542244773635262689e-01
7.599856224767489454e-01
7.657467675899718440e-01
7.715079127031947426e-01
7.772690578164173081e-01
7.830302029296402067e-01
7.887913480428631052e-01
7.945524931560860038e-01
8.003136382693085693e-01
8.060747833825314679e-01
8.118359284957543665e-01
8.175970736089770430e-01
8.233582187221999416e-01
8.310180053695919167e-01
8.390836085281039303e-01
8.471492116866156108e-01
8.552148148451276244e-01
8.632804180036396380e-01
8.713460211621513185e-01
8.794116243206633321e-01
8.874772274791754567e-01
8.955428306376874703e-01
9.036084337961991508e-01
9.116740369547111644e-01
9.197396401132231780e-01
9.278052432717348585e-01
9.358708464302468721e-01
9.439364495887589968e-01
9.516904436231301556e-01
9.586038176947029310e-01
9.655171917662760395e-01
9.724305658378490369e-01
9.793439399094218123e-01
9.862573139809949208e-01
9.931706880525679182e-01
1.000084062124140694e+00
1.006997436195713691e+00
1.013910810267286688e+00
1.020824184338859908e+00
1.027737558410432683e+00
1.034650932482005681e+00
1.041564306553578678e+00
1.048477680625151454e+00
1.055391054696724451e+00
1.055695417061868202e+00
1.053390959016578865e+00
1.051086500971289972e+00
1.048782042926000857e+00
1.046477584880711520e+00
1.044173126835422627e+00
1.041868668790133290e+00
1.039564210744844175e+00
1.037259752699555060e+00
1.034955294654265945e+00
1.032650836608976830e+00
1.030346378563687715e+00
1.028041920518398600e+00
1.025737462473109485e+00
1.023433004427820370e+00
1.020186472349372986e+00
1.012120869255155542e+00
1.004055266160937876e+00
9.959896630667203210e-01
9.879240599725029881e-01
9.798584568782853221e-01
9.717928537840677672e-01
9.637272506898501012e-01
9.556616475956327683e-01
9.475960445014151023e-01
9.395304414071974364e-01
9.314648383129797704e-01
9.233992352187625485e-01
9.153336321245445495e-01
9.072680290303272166e-01
8.992024259361099947e-01
8.918397549737157037e-01
8.849263808378485807e-01
8.780130067019814577e-01
8.710996325661136686e-01
8.641862584302465455e-01
8.572728842943794225e-01
8.503595101585116334e-01
8.434461360226445104e-01
8.365327618867767212e-01
8.296193877509095982e-01
8.227060136150419201e-01
8.157926394791747970e-01
8.088792653433076740e-01
8.019658912074398849e-01
7.950525170715727619e-01
7.882043634464213078e-01
7.824432183331981872e-01
7.766820732199755106e-01
7.709209281067528341e-01
7.651597829935297135e-01
7.593986378803070370e-01
7.536374927670844714e-01
7.478763476538612398e-01
7.421152025406385633e-01
7.363540574274159978e-01
7.305929123141927661e-01
7.248317672009702006e-01
7.190706220877469690e-01
7.133094769745244035e-01
7.075483318613017270e-01
7.017871867480784953e-01
6.966057795078847148e-01
6.919968634173065958e-01
6.873879473267281437e-01
6.827790312361500247e-01
6.781701151455720167e-01
6.735611990549934536e-01
6.689522829644153346e-01
6.643433668738373266e-01
6.597344507832587635e-01
6.551255346926807555e-01
6.505166186021021923e-01
6.459077025115240733e-01
6.412987864209460653e-01
6.366898703303675022e-01
6.320809542397894942e-01
6.274720381492113752e-01
6.228631221196923029e-01
6.182542060934085315e-01
6.136452900671247601e-01
6.090363740408406557e-01
6.044274580145568843e-01
5.998185419882732239e-01
5.952096259619890084e-01
5.906007099357053480e-01
5.859917939094211325e-01
5.813828778831373612e-01
5.767739618568537008e-01
5.721650458305694853e-01
5.675561298042858249e-01
5.629472137780020535e-01
5.583382977517179491e-01
5.532728381249487626e-01
5.475116930117261971e-01
5.417505478985030765e-01
5.359894027852805110e-01
5.302282576720578344e-01
5.244671125588347138e-01
5.187059674456121483e-01
5.129448223323895828e-01
5.071836772191664622e-01
5.014225321059437857e-01
4.956613869927206650e-01
4.899002418794980995e-01
4.841390967662754785e-01
4.783779516530523024e-01
4.726168065398297369e-01
4.668556614266071159e-01
4.610945163133839952e-01
4.553333712001613742e-01
4.495722260869388087e-01
4.438110809737156881e-01
4.380499358604930671e-01
4.322887907472704461e-01
4.265276456340473255e-01
4.207665005208247044e-01
4.150053554076015838e-01
4.092442102943789628e-01
4.034830651811563973e-01
3.977219200679332767e-01
3.919607749547106557e-01
3.861996298414880346e-01
3.804384847282649140e-01
3.750106888920338721e-01
3.704017728014557531e-01
3.657928567108771900e-01
3.611839406202990710e-01
3.565750245297209520e-01
3.519661084391424444e-01
3.473571923485643254e-01
3.427482762579857622e-01
3.381393601674076432e-01
3.335304440768295242e-01
3.289215279862510166e-01
3.243126118956728976e-01
3.197036958050947786e-01
3.150947797145162710e-01
3.104858636239381520e-01
3.058769475333600329e-01
3.029637647213907492e-01
3.006593066761016897e-01
2.983548486308126302e-01
2.960503905855234041e-01
2.937459325402343446e-01
2.914414744949453406e-01
2.891370164496560591e-01
2.868325584043669996e-01
2.845281003590777735e-01
2.822236423137887140e-01
2.799191842684997100e-01
2.776147262232104285e-01
2.753102681779213690e-01
2.730058101326323650e-01
2.707013520873430834e-01
2.683968940420540794e-01
2.660924359967650199e-01
2.637879779514757383e-01
2.614835199061866788e-01
2.591790618608976193e-01
2.568746038156083378e-01
2.545701457703193338e-01
2.522656877250300522e-01
2.499612296797409927e-01
2.476567716344519332e-01
2.453523135891626794e-01
2.430478555438736199e-01
2.407433974985845604e-01
2.384389394532953066e-01
2.361344814080062471e-01
2.338300233627171876e-01
2.322502376587139705e-01
2.310980086360694408e-01
2.299457796134249388e-01
2.287935505907802980e-01
2.276413215681357682e-01
2.264890925454911552e-01
2.253368635228466255e-01
2.241846345002021235e-01
2.230324054775574827e-01
2.218801764549129529e-01
2.207279474322684509e-01
2.195757184096238102e-01
2.184234893869793082e-01
2.172712603643347784e-01
2.161190313416901376e-01
2.150537630000000089e-01
2.150537630000000089e-01
2.150537630000000089e-01
2.150537630000000089e-01
2.150537630000000089e-01
2.150537630000000089e-01
2.150537630000000089e-01
2.150537630000000089e-01
2.150537630000000089e-01
2.150537630000000089e-01
2.150537630000000089e-01
2.150537630000000089e-01
2.150537630000000089e-01
2.150537630000000089e-01
2.150537630000000089e-01
2.150537630000000089e-01
2.156552410432673594e-01
2.168074700659118892e-01
2.179596990885564189e-01
2.191119281112010597e-01
2.202641571338455895e-01
2.214163861564902025e-01
2.225686151791347323e-01
2.237208442017792620e-01
2.248730732244239028e-01
2.260253022470684325e-01
2.271775312697129623e-01
2.283297602923575753e-01
2.294819893150021051e-01
2.306342183376466348e-01
2.317864473602912756e-01
2.329386763829358054e-01
5.153217469268228657e-01
8.068356889486754113e-01
1.098349630970500979e+00
1.389863572992353413e+00
1.681377515014178980e+00
1.972891457036004548e+00
2.264405399057856538e+00
2.555919341079682106e+00
2.847433283101507673e+00
3.138947225123360329e+00
3.430461167145185897e+00
3.721975109167011464e+00
4.013489051188863677e+00
4.305002993210689688e+00
4.596516935232515699e+00
4.665150652528893715e+00
4.419725871348552992e+00
4.174301090168212269e+00
3.928876308987849342e+00
3.683451527807508619e+00
3.438026746627145691e+00
3.192601965446804968e+00
2.947177184266464245e+00
2.701752403086101317e+00
2.456327621905760594e+00
2.210902840725419871e+00
1.965478059545056944e+00
1.720053278364716220e+00
1.474628497184375497e+00
1.229203716004012570e+00
9.837789348236718467e-01
9.220223580436696098e-01
8.897599454739144598e-01
8.574975329041621963e-01
8.252351203344070463e-01
7.929727077646548938e-01
7.607102951949026304e-01
7.284478826251474803e-01
6.961854700553953279e-01
6.639230574856430644e-01
6.316606449158879144e-01
5.993982323461357620e-01
5.671358197763834985e-01
5.348734072066283485e-01
5.026109946368761960e-01
4.703485820671239326e-01
4.476735845527698432e-01
4.465213555301252857e-01
4.453691265074806727e-01
4.442168974848361707e-01
4.430646684621916132e-01
4.419124394395470001e-01
4.407602104169024981e-01
4.396079813942579406e-01
4.384557523716133276e-01
4.373035233489688256e-01
4.361512943263242681e-01
4.349990653036796551e-01
4.338468362810351531e-01
4.326946072583905956e-01
4.315423782357459825e-01
4.303901492131014805e-01
4.248898861427416462e-01
4.179765120068738571e-01
4.110631378710066786e-01
4.041497637351388894e-01
3.972363895992717109e-01
3.903230154634045324e-01
3.834096413275367432e-01
3.764962671916695647e-01
3.695828930558023862e-01
3.626695189199345970e-01
3.557561447840674740e-01
3.488427706482002955e-01
3.419293965123324508e-01
3.350160223764653278e-01
3.281026482405981493e-01
3.221168547015768047e-01
3.198123966562877452e-01
3.175079386109984636e-01
3.152034805657094596e-01
3.128990225204204001e-01
3.105945644751311741e-01
3.082901064298421145e-01
3.059856483845530550e-01
3.036811903392638290e-01
3.013767322939747695e-01
2.990722742486857100e-01
2.967678162033964839e-01
2.944633581581074244e-01
2.921589001128184204e-01
2.898544420675291389e-01
2.875499840222400794e-01
2.650923882490898165e-01
2.316777467209841790e-01
1.982631051928816501e-01
1.648484636647760126e-01
1.314338221366734838e-01
9.801918060857092718e-02
6.460453908046531746e-02
3.118989755236278860e-02
-2.224743975739795765e-03
-3.563938550384537773e-02
-6.905402703194796210e-02
-1.024686685600504910e-01
-1.358833100881561284e-01
-1.692979516162586573e-01
-2.027125931443611861e-01
-2.306921921310119417e-01
-2.064953827197713865e-01
-1.822985733085285831e-01
-1.581017638972880279e-01
-1.339049544860474728e-01
-1.097081450748046832e-01
-8.551133566356411420e-02
-6.131452625232355902e-02
-3.711771684108078340e-02
-1.292090742984020046e-02
1.127590198140035471e-02
3.547271139264315809e-02
5.966952080388368551e-02
8.386633021512426844e-02
1.080631396263670718e-01
1.322599490376075992e-01
1.383834302919519643e-01
1.291655981107957540e-01
1.199477659296395438e-01
1.107299337484824731e-01
1.015121015673262489e-01
9.229426938617002474e-02
8.307643720501295403e-02
7.385860502385672988e-02
6.464077284270051960e-02
5.542294066154344889e-02
4.620510848038722473e-02
3.698727629923100058e-02
2.776944411807392987e-02
1.855161193691771959e-02
9.333779755761495434e-03
1.159475746044247302e-04
3.413206727456903535e-03
6.869893795390784666e-03
1.032658086332434791e-02
1.378326793125791115e-02
1.723995499919179358e-02
2.069664206712535509e-02
2.415332913505891660e-02
2.761001620299280077e-02
3.106670327092636227e-02
3.452339033885992725e-02
3.798007740679380795e-02
4.143676447472736946e-02
4.489345154266093096e-02
4.835013861059481166e-02
5.180682567852837317e-02
5.576353666194967112e-02
6.037245275252775545e-02
6.498136884310583283e-02
6.959028493368434043e-02
7.419920102426243169e-02
7.880811711484050908e-02
8.341703320541901667e-02
8.802594929599710794e-02
9.263486538657518532e-02
9.724378147715369292e-02
1.018526975677317703e-01
1.064616136583098616e-01
1.110705297488883692e-01
1.156794458394664465e-01
1.202883619300449680e-01
1.248972780206230315e-01
1.305207353323900310e-01
1.362818803813188040e-01
1.420430254302470774e-01
1.478041704791753230e-01
1.535653155281041238e-01
1.593264605770323694e-01
1.650876056259606428e-01
1.708487506748894436e-01
1.766098957238176892e-01
1.823710407727459626e-01
1.881321858216747356e-01
1.938933308706030090e-01
1.996544759195312824e-01
2.054156209684600554e-01
2.111767660173883288e-01
2.165610814698753495e-01
2.211699975604534407e-01
2.257789136510315320e-01
2.303878297416100396e-01
2.349967458321881031e-01
2.396056619227661943e-01
2.442145780133447019e-01
2.488234941039227932e-01
2.534324101945008567e-01
2.580413262850793643e-01
2.626502423756574833e-01
2.672591584662355468e-01
2.718680745568140544e-01
2.764769906473921179e-01
2.810859067379706255e-01
2.856948228285487446e-01
2.911950858989085233e-01
2.969562310121316995e-01
3.027173761253543205e-01
3.084785212385769970e-01
3.142396663518001731e-01
3.200008114650227942e-01
3.257619565782454152e-01
3.315231016914685913e-01
3.372842468046912678e-01
3.430453919179138889e-01
3.488065370311370650e-01
3.545676821443596860e-01
3.603288272575828621e-01
3.660899723708054831e-01
3.718511174840281042e-01
3.781195332361518280e-01
3.861851363946634530e-01
3.942507395531750780e-01
4.023163427116874802e-01
4.103819458701991052e-01
4.184475490287100086e-01
4.265131521872231879e-01
4.345787553457348129e-01
4.426443585042464379e-01
4.507099616627581185e-01
4.587755648212697435e-01
4.668411679797813685e-01
4.749067711382944923e-01
4.829723742968061728e-01
4.910379774553177978e-01
4.991035806138294229e-01
5.048647257270519884e-01
5.094736418176309956e-01
5.140825579082090035e-01
5.186914739987871226e-01
5.233003900893652416e-01
5.279093061799441378e-01
5.325182222705222568e-01
5.371271383611002648e-01
5.417360544516783838e-01
5.463449705422565028e-01
5.509538866328345108e-01
5.555628027234135180e-01
5.601717188139916370e-01
5.647806349045696450e-01
5.693895509951477640e-01
5.737375850355842521e-01
5.760420430165789085e-01
5.783465009975740090e-01
5.806509589785686654e-01
5.829554169595633217e-01
5.852598749405579781e-01
5.875643329215526345e-01
5.898687909025477349e-01
5.921732488835423913e-01
5.944777068645370477e-01
5.967821648455317041e-01
5.990866228265263604e-01
6.013910808075210168e-01
6.036955387885161173e-01
6.059999967695107737e-01
6.083044547505054300e-01
6.118988295349777617e-01
6.165077456255558808e-01
6.211166617161339998e-01
6.257255778067130070e-01
6.303344938972911260e-01
6.349434099878692450e-01
6.395523260784474751e-01
6.441612421690255941e-01
6.487701582596046013e-01
6.533790743501827203e-01
6.579879904407608393e-01
6.625969065313389583e-01
6.672058226219171884e-01
6.718147387124953074e-01
6.764236548030743146e-01
6.810253241702393101e-01
6.844820112381728716e-01
6.879386983061064331e-01
6.913953853740399946e-01
6.948520724419742223e-01
6.983087595099077838e-01
7.017654465778413453e-01
7.052221336457749068e-01
7.086788207137084683e-01
7.121355077816420298e-01
7.155921948495762575e-01
7.190488819175098190e-01
7.225055689854433805e-01
7.259622560533769420e-01
7.294189431213105035e-01
7.328756301892440650e-01
7.373758454286303277e-01
7.431369905418530042e-01
7.488981356550755697e-01
7.546592807682981352e-01
7.604204258815208117e-01
7.661815709947443764e-01
7.719427161079670530e-01
7.777038612211896185e-01
7.834650063344122950e-01
7.892261514476348605e-01
7.949872965608574260e-01
8.007484416740811017e-01
8.065095867873037783e-01
8.122707319005263438e-01
8.180318770137489093e-01
8.237930221269715858e-01
8.316267301362717523e-01
8.396923332947848762e-01
8.477579364532965567e-01
8.558235396118082372e-01
8.638891427703198067e-01
8.719547459288314872e-01
8.800203490873446110e-01
8.880859522458562916e-01
8.961515554043679721e-01
9.042171585628795416e-01
9.122827617213912221e-01
9.203483648799029027e-01
9.284139680384160265e-01
9.364795711969275960e-01
9.445451743554392765e-01
9.530093472794179954e-01
9.622271793962797748e-01
9.714450115131432195e-01
9.806628436300049989e-01
9.898806757468667783e-01
9.990985078637286687e-01
1.008316339980590337e+00
1.017534172097452227e+00
1.026752004214315672e+00
1.035969836331177563e+00
1.045187668448039231e+00
1.054405500564901121e+00
1.063623332681762790e+00
1.072841164798624680e+00
1.082058996915488125e+00
1.091276829032350015e+00
1.084972179700768091e+00
1.074602118561261532e+00
1.064232057421755195e+00
1.053861996282246860e+00
1.043491935142740301e+00
1.033121874003233964e+00
1.022751812863727405e+00
1.012381751724221068e+00
1.002011690584714509e+00
9.916416294452062852e-01
9.812715683056998373e-01
9.709015071661933893e-01
9.605314460266869414e-01
9.501613848871804935e-01
9.397913237476740456e-01
9.299720135721776249e-01
9.219064104136660553e-01
9.138408072551543748e-01
9.057752040966426943e-01
8.977096009381311248e-01
8.896439977796180010e-01
8.815783946211063205e-01
8.735127914625946399e-01
8.654471883040830704e-01
8.573815851455713899e-01
8.493159819870597094e-01
8.412503788285465856e-01
8.331847756700350160e-01
8.251191725115233355e-01
8.170535693530116550e-01
8.089879661945000855e-01
7.993425773319831062e-01
7.889725161281824217e-01
7.786024549243817372e-01
7.682323937205810527e-01
7.578623325167803682e-01
7.474922713129796836e-01
7.371222101091771117e-01
7.267521489053764272e-01
7.163820877015757427e-01
7.060120264977750582e-01
6.956419652939743736e-01
6.852719040901736891e-01
6.749018428863711172e-01
6.645317816825704327e-01
6.541617204787697482e-01
6.444003840501411062e-01
6.386392390012128883e-01
6.328780939522836713e-01
6.271169489033554534e-01
6.213558038544271245e-01
6.155946588054989066e-01
6.098335137565706887e-01
6.040723687076424708e-01
5.983112236587132537e-01
5.925500786097850359e-01
5.867889335608567070e-01
5.810277885119284891e-01
5.752666434630002712e-01
5.695054984140720533e-01
5.637443533651427252e-01
5.579832083162145073e-01
5.515553646761014450e-01
5.446419905402343220e-01
5.377286164043671990e-01
5.308152422684988547e-01
5.239018681326317317e-01
5.169884939967646087e-01
5.100751198608974857e-01
5.031617457250303627e-01
4.962483715891632396e-01
4.893349974532948399e-01
4.824216233174277169e-01
4.755082491815605938e-01
4.685948750456934708e-01
4.616815009098263478e-01
4.547681267739579480e-01
4.478257657444392748e-01
4.397601625859275387e-01
4.316945594274158027e-01
4.236289562689040666e-01
4.155633531103923306e-01
4.074977499518790958e-01
3.994321467933673597e-01
3.913665436348556237e-01
3.833009404763438877e-01
3.752353373178320961e-01
3.671697341593204156e-01
3.591041310008071807e-01
3.510385278422953892e-01
3.429729246837836532e-01
3.349073215252719171e-01
3.268417183667601811e-01
3.187761152082470018e-01
3.107105120497353767e-01
3.026449088912236962e-01
2.945793057327120712e-01
2.865137025742004462e-01
2.784480994156887657e-01
2.703824962571756418e-01
2.623168930986640168e-01
2.542512899401523363e-01
2.461856867816407113e-01
2.381200836231290863e-01
2.300544804646174057e-01
2.219888773061042819e-01
2.139232741475926569e-01
2.058576709890810041e-01
1.977920678305693514e-01
1.950165728224826645e-01
1.927121148414875917e-01
1.904076568604929354e-01
1.881031988794982512e-01
1.857987408985035949e-01
1.834942829175089385e-01
1.811898249365142821e-01
1.788853669555191817e-01
1.765809089745245253e-01
1.742764509935298689e-01
1.719719930125352125e-01
1.696675350315405284e-01
1.673630770505454557e-01
1.650586190695507993e-01
1.627541610885561152e-01
1.612903230000000132e-01
1.612903230000000132e-01
1.612903230000000132e-01
1.612903230000000132e-01
1.612903230000000132e-01
1.612903230000000132e-01
1.612903230000000132e-01
1.612903230000000132e-01
1.612903230000000132e-01
1.612903230000000132e-01
1.612903230000000132e-01
1.612903230000000132e-01
1.612903230000000132e-01
1.612903230000000132e-01
1.612903230000000132e-01
1.612903230000000132e-01
1.640948049086133065e-01
1.675514919122524926e-01
1.710081789158916787e-01
1.744648659195308649e-01
1.779215529231706894e-01
1.813782399268098755e-01
1.848349269304490616e-01
1.882916139340882478e-01
1.917483009377274339e-01
1.952049879413665923e-01
1.986616749450064168e-01
2.021183619486456029e-01
2.055750489522847890e-01
2.090317359559239752e-01
2.124884229595631613e-01
2.153508786599273583e-01
2.165031076825718881e-01
2.176553367052164178e-01
2.188075657278609476e-01
2.199597947505054774e-01
2.211120237731500349e-01
2.222642527957947589e-01
2.234164818184393164e-01
2.245687108410838462e-01
2.257209398637283759e-01
2.268731688863729057e-01
2.280253979090176575e-01
2.291776269316621872e-01
2.303298559543067170e-01
2.314820849769512467e-01
2.326343139995958043e-01
2.337865430222403063e-01
2.349387720448850581e-01
2.360910010675295601e-01
2.372432300901740898e-01
2.383954591128186196e-01
2.395476881354631216e-01
2.406999171581076513e-01
2.418521461807523754e-01
2.430043752033969051e-01
2.441566042260414349e-01
2.453088332486859369e-01
2.464610622713304666e-01
2.476132912939751907e-01
2.487655203166197204e-01
2.499177493392642502e-01
2.512438997238174987e-01
2.535483577691065582e-01
2.558528158143956177e-01
2.581572738596850658e-01
2.604617319049741253e-01
2.627661899502631293e-01
2.650706479955521888e-01
2.673751060408412483e-01
2.696795640861302523e-01
2.719840221314197559e-01
2.742884801767088154e-01
2.765929382219978194e-01
2.788973962672868789e-01
2.812018543125759384e-01
2.835063123578653865e-01
2.858107704031543905e-01
2.881152284484434500e-01
2.904196864937325095e-01
2.927241445390215691e-01
2.950286025843105731e-01
2.973330606296000767e-01
2.996375186748890806e-01
3.019419767201781402e-01
3.042464347654671997e-01
3.065508928107562037e-01
3.088553508560457073e-01
3.111598089013347113e-01
3.134642669466237708e-01
3.157687249919128303e-01
3.180731830372018343e-01
3.203776410824908938e-01
3.226820991277803419e-01
3.249865571730694014e-01
3.272910152183584609e-01
3.295954732636474649e-01
3.318999313089365244e-01
3.342043893542255839e-01
3.365088473995150320e-01
3.388133054448040915e-01
3.411177634900930955e-01
3.434222215353821550e-01
3.457266795806712145e-01
3.480311376259606626e-01
3.503355956712497221e-01
3.526400537165387261e-01
3.549445117618277856e-01
3.572489698071168451e-01
3.572924501475940873e-01
3.549879921023046392e-01
3.526835340570155242e-01
3.503790760117264647e-01
3.480746179664374051e-01
3.457701599211483456e-01
3.434657018758592861e-01
3.411612438305697825e-01
3.388567857852807230e-01
3.365523277399916635e-01
3.342478696947025485e-01
3.319434116494134890e-01
3.296389536041239854e-01
3.273344955588349259e-01
3.250300375135458664e-01
3.227255794682568069e-01
3.268996921540644474e-01
3.315086082446425664e-01
3.361175243352214626e-01
3.407264404257995816e-01
3.453353565163776451e-01
3.499442726069557086e-01
3.545531886975338276e-01
3.591621047881127238e-01
3.637710208786908428e-01
3.683799369692689063e-01
3.729888530598470253e-01
3.775977691504250888e-01
3.822066852410031523e-01
3.868156013315821040e-01
3.914245174221601675e-01
5.034516143655916043e-01
7.880521821872557009e-01
1.072652750008919798e+00
1.357253317830583894e+00
1.641853885652300393e+00
1.926454453473964490e+00
2.211055021295628364e+00
2.495655589117292905e+00
2.780256156938957002e+00
3.064856724760673501e+00
3.349457292582337598e+00
3.634057860404001694e+00
3.918658428225665791e+00
4.203258996047329887e+00
4.487859563868993540e+00
4.772460131690709595e+00
4.612256817658677122e+00
4.361070891429410068e+00
4.109884965200143014e+00
3.858699038970875517e+00
3.607513112741608019e+00
3.356327186512294336e+00
3.105141260283026838e+00
2.853955334053759785e+00
2.602769407824492287e+00
2.351583481595224789e+00
2.100397555365911106e+00
1.849211629136644053e+00
1.598025702907376555e+00
1.346839776678109057e+00
1.095653850448842004e+00
8.903831636211090306e-01
8.051182161382819391e-01
7.198532686554706128e-01
6.345883211726591755e-01
5.493233736898477382e-01
4.640584262070363564e-01
3.787934787242092094e-01
2.935285312413978831e-01
2.082635837585864458e-01
1.229986362757751195e-01
3.773368879296368217e-02
-4.753125868984775515e-02
-1.327962061726747356e-01
-2.180611536554862839e-01
-3.033261011382976102e-01
-3.885910486211089365e-01
-3.746845864314604646e-01
-3.228342805410451821e-01
-2.709839746506202962e-01
-2.191336687602050415e-01
-1.672833628697897312e-01
-1.154330569793744488e-01
-6.358275108895916627e-02
-1.173244519853428036e-02
4.011786069188100212e-02
9.196816658229628461e-02
1.438184724727115671e-01
1.956687783631268496e-01
2.475190842535421321e-01
2.993693901439669625e-01
3.512196960343823560e-01
3.934825868714103558e-01
3.888736707808322923e-01
3.842647546902541733e-01
3.796558385996761098e-01
3.750469225090971581e-01
3.704380064185190946e-01
3.658290903279410311e-01
3.612201742373629121e-01
3.566112581467848486e-01
3.520023420562058969e-01
3.473934259656278334e-01
3.427845098750497699e-01
3.381755937844716509e-01
3.335666776938935874e-01
3.289577616033155238e-01
3.243488455127365722e-01
3.204501083166188535e-01
3.169934212486852920e-01
3.135367341807517305e-01
3.100800471128181690e-01
3.066233600448839969e-01
3.031666729769504354e-01
2.997099859090168739e-01
2.962532988410832568e-01
2.927966117731496953e-01
2.893399247052161338e-01
2.858832376372819617e-01
2.824265505693484002e-01
2.789698635014148387e-01
2.755131764334812772e-01
2.720564893655477157e-01
2.685273350634855283e-01
2.639184189729065766e-01
2.593095028823285131e-01
2.547005867917504496e-01
2.500916707011723306e-01
2.454827546105942671e-01
2.408738385200153431e-01
2.362649224294372519e-01
2.316560063388591606e-01
2.270470902482810971e-01
2.224381741577030058e-01
2.178292580671249423e-01
2.132203419765459906e-01
2.086114258859679271e-01
2.040025097953898359e-01
1.993935937048117446e-01
1.959586468398705761e-01
1.936541888588759197e-01
1.913497308778808192e-01
1.890452728968861629e-01
1.867408149158915065e-01
1.844363569348968501e-01
1.821318989539021937e-01
1.798274409729070933e-01
1.775229829919124369e-01
1.752185250109177805e-01
1.729140670299231242e-01
1.706096090489284400e-01
1.683051510679337837e-01
1.660006930869387110e-01
1.636962351059440546e-01
1.613917771249493704e-01
1.557828132062271664e-01
1.500216680930044899e-01
1.442605229797818134e-01
1.384993778665580821e-01
1.327382327533354056e-01
1.269770876401127291e-01
1.212159425268900803e-01
1.154547974136674038e-01
1.096936523004436587e-01
1.039325071872209960e-01
9.817136207399831949e-02
9.241021696077564296e-02
8.664907184755296643e-02
8.088792673433028990e-02
7.512678162110655866e-02
7.029321710473034057e-02
6.683653003679677906e-02
6.337984296886321756e-02
5.992315590092965605e-02
5.646646883299545616e-02
5.300978176506189465e-02
4.955309469712833315e-02
4.609640762919477164e-02
4.263972056126121013e-02
3.918303349332764862e-02
3.572634642539344874e-02
3.226965935745988723e-02
2.881297228952632572e-02
2.535628522159276421e-02
2.189959815365919577e-02
1.844291108572563426e-02
2.183437764294474462e-02
2.644329373352282547e-02
3.105220982410090980e-02
3.566112591467900106e-02
4.027004200525707844e-02
4.487895809583601625e-02
4.948787418641409364e-02
5.409679027699217796e-02
5.870570636757026228e-02
6.331462245814833967e-02
6.792353854872643093e-02
7.253245463930536874e-02
7.714137072988344612e-02
8.175028682046153738e-02
8.635920291103961477e-02
9.062752300121328097e-02
9.408421006914684248e-02
9.754089713708102849e-02
1.009975842050145900e-01
1.044542712729481515e-01
1.079109583408817130e-01
1.113676454088152745e-01
1.148243324767494744e-01
1.182810195446830359e-01
1.217377066126165974e-01
1.251943936805501589e-01
1.286510807484837204e-01
1.321077678164172819e-01
1.355644548843514818e-01
1.390211419522850433e-01
1.424778290202186048e-01
1.459345160404368347e-01
1.493912030440760208e-01
1.528478900477158453e-01
1.563045770513550314e-01
1.597612640549942176e-01
1.632179510586334037e-01
1.666746380622725898e-01
1.701313250659117760e-01
1.735880120695516005e-01
1.770446990731907866e-01
1.805013860768299727e-01
1.839580730804691311e-01
1.874147600841083450e-01
1.908714470877475033e-01
1.943281340913873279e-01
1.984370262143150820e-01
2.053504003501822883e-01
2.122637744860494946e-01
2.191771486219167009e-01
2.260905227577851839e-01
2.330038968936523902e-01
2.399172710295195965e-01
2.468306451653867750e-01
2.537440193012540091e-01
2.606573934371211876e-01
2.675707675729896984e-01
2.744841417088568769e-01
2.813975158447240554e-01
2.883108899805912895e-01
2.952242641164585235e-01
3.021376382523257020e-01
3.068552551940970652e-01
3.103119422620306267e-01
3.137686293299641882e-01
3.172253163978977497e-01
3.206820034658313112e-01
3.241386905337654833e-01
3.275953776016990449e-01
3.310520646696326619e-01
3.345087517375662234e-01
3.379654388054997849e-01
3.414221258734333464e-01
3.448788129413675185e-01
3.483355000093010800e-01
3.517921870772346415e-01
3.552488741451682031e-01
3.590823908305708079e-01
3.671479939890839872e-01
3.752135971475956122e-01
3.832792003061072372e-01
3.913448034646189178e-01
3.994104066231305428e-01
4.074760097816422233e-01
4.155416129401553471e-01
4.236072160986669721e-01
4.316728192571785971e-01
4.397384224156902777e-01
4.478040255742019027e-01
4.558696287327135277e-01
4.639352318912267070e-01
4.720008350497383320e-01
4.800664382082500126e-01
4.869145918334011891e-01
4.926757369466237546e-01
4.984368820598474303e-01
5.041980271730700514e-01
5.099591722862926169e-01
5.157203173995152934e-01
5.214814625127378589e-01
5.272426076259604244e-01
5.330037527391841001e-01
5.387648978524066656e-01
5.445260429656293422e-01
5.502871880788519077e-01
5.560483331920744732e-01
5.618094783052971497e-01
5.675706234185208254e-01
5.733317685317433909e-01
5.779696714532959190e-01
5.825785874795796904e-01
5.871875035058634618e-01
5.917964195321480103e-01
5.964053355584317817e-01
6.010142515847155531e-01
6.056231676109993245e-01
6.102320836372830959e-01
6.148409996635668673e-01
6.194499156898514158e-01
6.240588317161351872e-01
6.286677477424189586e-01
6.332766637687027300e-01
6.378855797949865014e-01
6.424944958212711610e-01
6.480744728119711695e-01
6.549878469478382925e-01
6.619012210837054155e-01
6.688145952195725386e-01
6.757279693554396616e-01
6.826413434913081169e-01
6.895547176271752399e-01
6.964680917630423629e-01
7.033814658989094859e-01
7.102948400347766089e-01
7.172082141706437319e-01
7.241215883065121872e-01
7.310349624423793102e-01
7.379483365782464332e-01
7.448617107141135563e-01
7.517750848499806793e-01
7.536882198309748926e-01
7.548404488536193391e-01
7.559926778762638966e-01
7.571449068989084541e-01
7.582971359215529006e-01
7.594493649441974581e-01
7.606015939668421266e-01
7.617538229894866841e-01
7.629060520121312416e-01
7.640582810347756881e-01
7.652105100574202456e-01
7.663627390800648032e-01
7.675149681027094717e-01
7.686671971253540292e-01
7.698194261479984757e-01
7.735080083651445504e-01
7.827258405463006774e-01
7.919436727274585808e-01
8.011615049086147078e-01
8.103793370897709458e-01
8.195971692709270728e-01
8.288150014520831999e-01
8.380328336332394379e-01
8.472506658143972302e-01
8.564684979955534683e-01
8.656863301767095953e-01
8.749041623578657223e-01
8.841219945390219603e-01
8.933398267201797527e-01
9.025576589013359907e-01
9.117754910824921177e-01
9.148553485329560253e-01
9.160075775556004718e-01
9.171598065782450293e-01
9.183120356008898089e-01
9.194642646235342553e-01
9.206164936461788129e-01
9.217687226688233704e-01
9.229209516914678169e-01
9.240731807141123744e-01
9.252254097367571539e-01
9.263776387594016004e-01
9.275298677820461579e-01
9.286820968046907154e-01
9.298343258273351619e-01
9.309865548499799415e-01
9.326170676045293373e-01
9.360737546081685512e-01
9.395304416118077651e-01
9.429871286154469789e-01
9.464438156190861928e-01
9.499005026227260728e-01
9.533571896263652867e-01
9.568138766300045006e-01
9.602705636336437145e-01
9.637272506372829284e-01
9.671839376409222533e-01
9.706406246445620223e-01
9.740973116482013472e-01
9.775539986518405611e-01
9.810106856554797750e-01
9.844673726591189888e-01
9.856630819999999682e-01
9.856630819999999682e-01
9.856630819999999682e-01
9.856630819999999682e-01
9.856630819999999682e-01
9.856630819999999682e-01
9.856630819999999682e-01
9.856630819999999682e-01
9.856630819999999682e-01
9.856630819999999682e-01
9.856630819999999682e-01
9.856630819999999682e-01
9.856630819999999682e-01
9.856630819999999682e-01
9.856630819999999682e-01
9.849673965588343627e-01
9.780540224872615873e-01
9.711406484156875907e-01
9.642272743441149263e-01
9.573139002725421509e-01
9.504005262009693755e-01
9.434871521293966001e-01
9.365737780578239358e-01
9.296604039862499391e-01
9.227470299146771637e-01
9.158336558431043883e-01
9.089202817715316129e-01
9.020069076999589486e-01
8.950935336283849519e-01
8.881801595568121765e-01
8.812667854852394012e-01
8.737229464415678937e-01
8.656573432830562131e-01
8.575917401245445326e-01
8.495261369660314088e-01
8.414605338075198393e-01
8.333949306490081588e-01
8.253293274904964782e-01
8.172637243319849087e-01
8.091981211734732282e-01
8.011325180149601044e-01
7.930669148564484239e-01
7.850013116979368544e-01
7.769357085394251738e-01
7.688701053809134933e-01
7.608045022224003695e-01
7.527388990638888000e-01
7.446732959053771195e-01
7.366076927468654389e-01
7.285420895883537584e-01
7.204764864298420779e-01
7.124108832713289541e-01
7.043452801128173846e-01
6.962796769543057041e-01
6.882140737957940235e-01
6.801484706372824540e-01
6.720828674787692192e-01
6.640172643202576497e-01
6.559516611617459692e-01
6.478860580032342886e-01
6.398204548447226081e-01
6.317548516862110386e-01
6.252110604727044718e-01
6.206021444464207004e-01
6.159932284201369290e-01
6.113843123938531576e-01
6.067753963675693862e-01
6.021664803412856148e-01
5.975575643150010663e-01
5.929486482887172949e-01
5.883397322624335235e-01
5.837308162361497521e-01
5.791219002098659807e-01
5.745129841835814322e-01
5.699040681572976608e-01
5.652951521310138894e-01
5.606862361047301180e-01
5.560773200784463466e-01
5.524901919963601804e-01
5.490335049284260638e-01
5.455768178604925023e-01
5.421201307925589408e-01
5.386634437246254903e-01
5.352067566566919288e-01
5.317500695887584783e-01
5.282933825208242506e-01
5.248366954528908002e-01
5.213800083849572387e-01
5.179233213170243433e-01
5.144666342490907818e-01
5.110099471811559990e-01
5.075532601132225485e-01
5.040965730452889870e-01
4.994876569547109235e-01
4.925742828188436895e-01
4.856609086829765110e-01
4.787475345471092769e-01
4.718341604112420984e-01
4.649207862753748643e-01
4.580074121395076858e-01
4.510940380036404518e-01
4.441806638677707197e-01
4.372672897319035412e-01
4.303539155960363072e-01
4.234405414601690731e-01
4.165271673243018946e-01
4.096137931884347161e-01
4.027004190525674820e-01
3.957870449167002480e-01
3.915694518904165311e-01
3.881127648224829141e-01
3.846560777545493526e-01
3.811993906866157356e-01
3.777427036186821185e-01
3.742860165507485015e-01
3.708293294828149400e-01
3.673726424148800462e-01
3.639159553469464292e-01
3.604592682790128677e-01
3.570025812110792507e-01
3.535458941431456337e-01
3.500892070752120167e-01
3.466325200072784551e-01
3.431758329393448381e-01
3.391973817856854256e-01
3.334362366724628601e-01
3.276750915592403501e-01
3.219139464460156752e-01
3.161528013327931097e-01
3.103916562195705997e-01
3.046305111063480897e-01
2.988693659931255242e-01
2.931082208799029587e-01
2.873470757666804487e-01
2.815859306534579387e-01
2.758247855402353732e-01
2.700636404270128077e-01
2.643024953137902977e-01
2.585413502005656228e-01
2.527802050873431128e-01
2.477944594225636732e-01
2.431855433962799018e-01
2.385766273699961582e-01
2.339677113437123868e-01
2.293587953174286431e-01
2.247498792911448717e-01
2.201409632648611281e-01
2.155320472385773567e-01
2.109231312122936131e-01
2.063142151860081486e-01
2.017052991597244049e-01
1.970963831334406335e-01
1.924874671071568621e-01
1.878785510808731185e-01
1.832696350545893749e-01
1.790737822551556613e-01
1.779215532325111593e-01
1.767693242098666573e-01
1.756170951872221553e-01
1.744648661645776255e-01
1.733126371419331235e-01
1.721604081192882052e-01
1.710081790966437032e-01
1.698559500739991734e-01
1.687037210513546714e-01
1.675514920287101694e-01
1.663992630060656674e-01
1.652470339834211654e-01
1.640948049607766634e-01
1.629425759381321337e-01
1.617903469154876317e-01
1.599859127856862184e-01
1.576814547403962985e-01
1.553769966951072112e-01
1.530725386498181517e-01
1.507680806045290922e-01
1.484636225592400049e-01
1.461591645139509454e-01
1.438547064686618582e-01
1.415502484233727987e-01
1.392457903780837392e-01
1.369413323327946519e-01
1.346368742875055924e-01
1.323324162422156725e-01
1.300279581969265852e-01
1.277235001516375257e-01
1.254770158936515112e-01
1.277814739389405985e-01
1.300859319842296580e-01
1.323903900295187452e-01
1.346948480748078047e-01
1.369993061200968643e-01
1.393037641653859515e-01
1.416082222106750110e-01
1.439126802559649310e-01
1.462171383012539905e-01
1.485215963465430777e-01
1.508260543918321372e-01
1.531305124371212245e-01
1.554349704824102840e-01
1.577394285276993435e-01
1.600438865729884308e-01
1.623483445887586585e-01
1.646528025697533149e-01
1.669572605507479435e-01
1.692617185317425721e-01
1.715661765127380611e-01
1.738706344937326898e-01
1.761750924747273184e-01
1.784795504557219470e-01
1.807840084367166034e-01
1.830884664177112320e-01
1.853929243987058606e-01
1.876973823797005170e-01
1.900018403606951456e-01
1.923062983416897742e-01
1.946107563226844028e-01
1.969152143036798919e-01
1.971326160000000105e-01
1.971326160000000105e-01
1.971326160000000105e-01
1.971326160000000105e-01
1.971326160000000105e-01
1.971326160000000105e-01
1.971326160000000105e-01
1.971326160000000105e-01
1.971326160000000105e-01
1.971326160000000105e-01
1.971326160000000105e-01
1.971326160000000105e-01
1.971326160000000105e-01
1.971326160000000105e-01
1.971326160000000105e-01
1.979442490222403095e-01
2.002487070675293135e-01
2.025531651128183452e-01
2.048576231581073492e-01
2.071620812033963532e-01
2.094665392486853850e-01
2.117709972939752494e-01
2.140754553392642534e-01
2.163799133845532574e-01
2.186843714298422892e-01
2.209888294751312932e-01
2.232932875204203249e-01
2.255977455657093289e-01
2.279022036109983329e-01
2.302066616562873647e-01
2.325111197015763687e-01
2.348155777468654282e-01
2.371200357921544877e-01
2.394244938374444076e-01
2.417289518827334671e-01
2.440334099280225544e-01
2.463378679733116139e-01
2.486423260186006734e-01
2.509467840638897607e-01
2.532512421091788202e-01
2.555557001544678797e-01
2.578601581997569392e-01
2.601646162450459987e-01
2.624690742903350582e-01
2.647735323356250059e-01
2.670779903809140654e-01
3.389075126757177259e-01
6.246603095843240583e-01
9.104131064929303907e-01
1.196165903401536834e+00
1.481918700310143056e+00
1.767671497218749277e+00
2.053424294127355942e+00
2.339177091035962164e+00
2.624929887944568385e+00
2.910682684853279856e+00
3.196435481761886521e+00
3.482188278670492743e+00
3.767941075579098964e+00
4.053693872487706074e+00
4.339446669396312295e+00
4.625199466304918516e+00
4.549848036440343080e+00
4.313641087376868910e+00
4.077434138313394740e+00
3.841227189249919682e+00
3.605020240186358471e+00
3.368813291122883413e+00
3.132606342059409243e+00
2.896399392995934630e+00
2.660192443932460016e+00
2.423985494868985402e+00
2.187778545805510788e+00
1.951571596742036174e+00
1.715364647678561560e+00
1.479157698615087391e+00
1.242950749551612777e+00
1.035121969310562662e+00
1.004011785827737535e+00
9.729016023449238437e-01
9.417914188621101523e-01
9.106812353792965720e-01
8.795710518964828806e-01
8.484608684136691892e-01
8.173506849308554978e-01
7.862405014480418064e-01
7.551303179652282260e-01
7.240201344824145346e-01
6.929099509996008432e-01
6.617997675167757166e-01
6.306895840339620252e-01
5.995794005511483338e-01
5.684692170683347534e-01
5.535337201678121044e-01
5.500770330998785429e-01
5.466203460319450924e-01
5.431636589640115309e-01
5.397069718960779694e-01
5.362502848281445189e-01
5.327935977602109574e-01
5.293369106922761747e-01
5.258802236243426131e-01
5.224235365564091627e-01
5.189668494884756011e-01
5.155101624205420396e-01
5.120534753526085892e-01
5.085967882846750276e-01
5.051401012167415772e-01
5.017558813829360309e-01
5.006036523602914734e-01
4.994514233376469159e-01
4.982991943150019698e-01
4.971469652923574123e-01
4.959947362697129103e-01
4.948425072470683528e-01
4.936902782244238508e-01
4.925380492017792933e-01
4.913858201791347913e-01
4.902335911564902338e-01
4.890813621338457318e-01
4.879291331112011743e-01
4.867769040885566723e-01
4.856246750659121147e-01
4.844724460432671687e-01
4.833202170206226111e-01
4.821679879979781091e-01
4.810157589753335516e-01
4.798635299526889941e-01
4.787113009300444921e-01
4.775590719073999346e-01
4.764068428847554326e-01
4.752546138621108751e-01
4.741023848394663176e-01
4.729501558168218156e-01
4.717979267941768140e-01
4.706456977715323120e-01
4.694934687488877545e-01
4.683412397262432525e-01
4.671890107035986950e-01
4.660367816809541375e-01
4.638192843166192847e-01
4.615148262713302807e-01
4.592103682260412767e-01
4.569059101807522727e-01
4.546014521354632687e-01
4.522969940901733765e-01
4.499925360448843725e-01
4.476880779995953685e-01
4.453836199543063645e-01
4.430791619090173050e-01
4.407747038637283010e-01
4.384702458184392970e-01
4.361657877731502930e-01
4.338613297278612890e-01
4.315568716825722850e-01
4.292524136372832255e-01
4.269479555919932778e-01
4.246434975467042183e-01
4.223390395014151588e-01
4.200345814561260993e-01
4.177301234108370398e-01
4.154256653655479803e-01
4.131212073202589208e-01
4.108167492749698058e-01
4.085122912296807463e-01
4.062078331843916867e-01
4.039033751391026272e-01
4.015989170938135677e-01
3.992944590485236200e-01
3.969900010032345605e-01
3.946855429579455010e-01
3.914390108689846937e-01
3.879823238010511877e-01
3.845256367331176817e-01
3.810689496651841757e-01
3.776122625972506142e-01
3.741555755293171082e-01
3.706988884613836022e-01
3.672422013934500962e-01
3.637855143255152579e-01
3.603288272575817519e-01
3.568721401896482459e-01
3.534154531217147399e-01
3.499587660537811784e-01
3.465020789858476724e-01
3.430453919179141664e-01
3.383712553166214332e-01
3.303056521581096971e-01
3.222400489995979056e-01
3.141744458410861696e-01
3.061088426825714914e-01
2.980432395240597554e-01
2.899776363655479638e-01
2.819120332070362278e-01
2.738464300485244918e-01
2.657808268900127557e-01
2.577152237315010197e-01
2.496496205729892837e-01
2.415840174144775476e-01
2.335184142559657838e-01
2.254528110974540478e-01
2.173872079389393419e-01
2.117782440630806839e-01
2.071693280367969403e-01
2.025604120105131689e-01
1.979514959842293975e-01
1.933425799579456539e-01
1.887336639316618825e-01
1.841247479053781388e-01
1.795158318790943675e-01
1.749069158528105961e-01
1.702979998265268524e-01
1.656890838002430810e-01
1.610801677739576165e-01
1.564712517476738729e-01
1.518623357213901293e-01
1.472534196951063579e-01
1.428256717440350709e-01
1.393689846761015372e-01
1.359122976081680312e-01
1.324556105402344974e-01
1.289989234723009914e-01
1.255422364043674577e-01
1.220855493364339517e-01
1.186288622684991551e-01
1.151721752005656352e-01
1.117154881326321014e-01
1.082588010646985954e-01
1.048021139967650617e-01
1.013454269288315557e-01
9.788873986089802193e-02
9.443205279296451593e-02
9.097536572503098218e-02
8.612730776182903059e-02
8.036616264860635406e-02
7.460501753538155423e-02
6.884387242215889158e-02
6.308272730893621505e-02
5.732158219571353852e-02
5.156043708249086893e-02
4.579929196926819934e-02
4.003814685604552281e-02
3.427700174282285323e-02
2.851585662960017670e-02
2.275471151637750711e-02
1.699356640315483058e-02
1.123242128993004463e-02
5.471276176707368100e-03
2.898689365153025196e-04
6.051014049737839240e-03
1.181215916296037526e-02
1.757330427618291127e-02
2.333444938940544902e-02
2.909559450262798677e-02
3.485673961585052105e-02
4.061788472907305880e-02
4.637902984229559655e-02
5.214017495551813430e-02
5.790132006874278842e-02
6.366246518196533311e-02
6.942361029518787086e-02
7.518475540841039473e-02
8.094590052163293248e-02
8.670704563485547023e-02
9.189569959846245750e-02
9.650461568904060428e-02
1.011135317796187372e-01
1.057224478701968839e-01
1.103313639607750168e-01
1.149402800513548567e-01
1.195491961419329896e-01
1.241581122325111364e-01
1.287670283230892831e-01
1.333759444136674022e-01
1.379848605042455489e-01
1.425937765948236957e-01
1.472026926854018147e-01
1.518116087759799615e-01
1.564205248665581083e-01
1.610294409571362273e-01
1.667253654989900025e-01
1.724865105479183036e-01
1.782476555968466048e-01
1.840088006457748782e-01
1.897699456947031793e-01
1.955310907436314805e-01
2.012922357925597538e-01
2.070533808414880550e-01
2.128145258904163561e-01
2.185756709393446573e-01
2.243368159882729307e-01
2.300979610372033413e-01
2.358591060861316424e-01
2.416202511350599158e-01
2.473813961839882447e-01
2.535918381095846885e-01
2.605052122454517005e-01
2.674185863813187680e-01
2.743319605171857800e-01
2.812453346530528475e-01
2.881587087889199150e-01
2.950720829247869270e-01
3.019854570606539945e-01
3.088988311965235600e-01
3.158122053323906275e-01
3.227255794682576395e-01
3.296389536041247070e-01
3.365523277399917190e-01
3.434657018758587865e-01
3.503790760117257985e-01
3.572924501475928660e-01
3.632420100695500365e-01
3.690031551827727130e-01
3.747643002959953895e-01
3.805254454092201755e-01
3.862865905224428520e-01
3.920477356356655285e-01
3.978088807488882050e-01
4.035700258621108816e-01
4.093311709753335581e-01
4.150923160885562346e-01
4.208534612017789112e-01
4.266146063150015877e-01
4.323757514282242642e-01
4.381368965414469407e-01
4.438980416546717267e-01
4.493330842143155035e-01
4.539420003048935115e-01
4.585509163954715195e-01
4.631598324860495830e-01
4.677687485766275910e-01
4.723776646672055990e-01
4.769865807577836625e-01
4.815954968483616705e-01
4.862044129389396785e-01
4.908133290295177420e-01
4.954222451200974708e-01
5.000311612106754788e-01
5.046400773012534868e-01
5.092489933918316058e-01
5.138579094824096138e-01
5.184668255729876218e-01
5.222351217476742802e-01
5.256918088156078417e-01
5.291484958835415142e-01
5.326051829514750757e-01
5.360618700194086372e-01
5.395185570873423098e-01
5.429752441552772035e-01
5.464319312232107650e-01
5.498886182911443266e-01
5.533453053590779991e-01
5.568019924270115606e-01
5.602586794949451221e-01
5.637153665628787946e-01
5.671720536308123561e-01
5.706287406987460287e-01
5.744912442664770191e-01
5.802523893154053480e-01
5.860135343643357864e-01
5.917746794132640042e-01
5.975358244621923332e-01
6.032969695111206621e-01
6.090581145600488799e-01
6.148192596089772088e-01
6.205804046579055377e-01
6.263415497068338667e-01
6.321026947557620845e-01
6.378638398046904134e-01
6.436249848536187423e-01
6.493861299025491807e-01
6.551472749514773986e-01
6.609084200004057275e-01
6.673869907072395025e-01
6.743003648431065145e-01
6.812137389789736375e-01
6.881271131148406495e-01
6.950404872507076615e-01
7.019538613865746735e-01
7.088672355224417965e-01
7.157806096583088085e-01
7.226939837941783740e-01
7.296073579300453860e-01
7.365207320659125090e-01
7.434341062017795210e-01
7.503474803376465330e-01
7.572608544735135450e-01
7.641742286093806680e-01
7.711673167027889297e-01
7.792329198613007213e-01
7.872985230198124018e-01
7.953641261783241934e-01
8.034297293368359849e-01
8.114953324953506630e-01
8.195609356538624546e-01
8.276265388123741351e-01
8.356921419708859267e-01
8.437577451293976072e-01
8.518233482879093987e-01
8.598889514464211903e-01
8.679545546049328708e-01
8.760201577634446624e-01
8.840857609219563429e-01
8.921513640804681344e-01
8.984342732462605730e-01
9.030431892725442333e-01
9.076521052988278937e-01
9.122610213251115541e-01
9.168699373513952144e-01
9.214788533776788748e-01
9.260877694039625352e-01
9.306966854302461956e-01
9.353056014565298559e-01
9.399145174828135163e-01
9.445234335090970657e-01
9.491323495353825024e-01
9.537412655616661628e-01
9.583501815879498231e-01
9.629590976142334835e-01
9.675680136405170328e-01
9.677419350000000531e-01
9.677419350000000531e-01
9.677419350000000531e-01
9.677419350000000531e-01
9.677419350000000531e-01
9.677419350000000531e-01
9.677419350000000531e-01
9.677419350000000531e-01
9.677419350000000531e-01
9.677419350000000531e-01
9.677419350000000531e-01
9.677419350000000531e-01
9.677419350000000531e-01
9.677419350000000531e-01
9.677419350000000531e-01
9.635026018297627726e-01
9.531325406902563246e-01
9.427624795507498767e-01
9.323924184112396540e-01
9.220223572717332061e-01
9.116522961322267582e-01
9.012822349927203103e-01
8.909121738532139734e-01
8.805421127137075255e-01
8.701720515742010775e-01
8.598019904346946296e-01
8.494319292951881817e-01
8.390618681556817338e-01
8.286918070161752858e-01
8.183217458766650632e-01
8.079516847371586152e-01
8.015238410792546730e-01
7.957626959660322186e-01
7.900015508528096531e-01
7.842404057395870876e-01
7.784792606263645220e-01
7.727181155131420676e-01
7.669569703999195021e-01
7.611958252866969366e-01
7.554346801734743710e-01
7.496735350602498071e-01
7.439123899470272416e-01
7.381512448338046761e-01
7.323900997205821106e-01
7.266289546073596561e-01
7.208678094941370906e-01
7.154545071047315741e-01
7.108455910141534551e-01
7.062366749235753360e-01
7.016277588329972170e-01
6.970188427424190980e-01
6.924099266518392026e-01
6.878010105612610836e-01
6.831920944706829646e-01
6.785831783801048456e-01
6.739742622895266155e-01
6.693653461989484965e-01
6.647564301083703775e-01
6.601475140177922585e-01
6.555385979272141395e-01
6.509296818366360204e-01
6.463207657460579014e-01
6.374000492729492429e-01
6.270299881334392422e-01
6.166599269939330163e-01
6.062898658544267905e-01
5.959198047149206756e-01
5.855497435754144497e-01
5.751796824359083349e-01
5.648096212964021090e-01
5.544395601568958831e-01
5.440694990173897683e-01
5.336994378778835424e-01
5.233293767383773165e-01
5.129593155988674269e-01
5.025892544593612010e-01
4.922191933198549751e-01
4.825230774452088922e-01
4.756097033093417137e-01
4.686963291734744796e-01
4.617829550376073011e-01
4.548695809017401226e-01
4.479562067658728886e-01
4.410428326300056545e-01
4.341294584941384760e-01
4.272160843582687439e-01
4.203027102224015099e-01
4.133893360865342759e-01
4.064759619506670973e-01
3.995625878147999188e-01
3.926492136789326848e-01
3.857358395430654507e-01
3.788224654071982722e-01
3.726482570594425447e-01
3.668871119462198682e-01
3.611259668329971917e-01
3.553648217197724057e-01
3.496036766065497292e-01
3.438425314933270527e-01
3.380813863801043762e-01
3.323202412668816996e-01
3.265590961536590786e-01
3.207979510404364021e-01
3.150368059272137256e-01
3.092756608139910490e-01
3.035145157007683725e-01
2.977533705875456960e-01
2.919922254743230194e-01
2.864339886166589189e-01
2.829773015487254129e-01
2.795206144807919069e-01
2.760639274128583454e-01
2.726072403449248394e-01
2.691505532769913334e-01
2.656938662090578274e-01
2.622371791411242659e-01
2.587804920731907599e-01
2.553238050052572539e-01
2.518671179373237479e-01
2.484104308693889374e-01
2.449537438014554036e-01
2.414970567335218976e-01
2.380403696655883639e-01
2.345836825976548301e-01
2.280471381136279230e-01
2.188293059967660326e-01
2.096114738799041421e-01
2.003936417630422517e-01
1.911758096461803336e-01
1.819579775293184432e-01
1.727401454124531388e-01
1.635223132955912484e-01
1.543044811787293580e-01
1.450866490618674676e-01
1.358688169450055772e-01
1.266509848281436590e-01
1.174331527112817686e-01
1.082153205944198643e-01
9.899748847755796000e-02
8.977965636069606958e-02
8.847524614759413875e-02
8.732301712494920654e-02
8.617078810230470454e-02
8.501855907966020254e-02
8.386633005701568666e-02
8.271410103437118466e-02
8.156187201172666879e-02
8.040964298908216679e-02
7.925741396643765091e-02
7.810518494379314891e-02
7.695295592114864691e-02
7.580072689850413103e-02
7.464849787585962904e-02
7.349626885321469683e-02
7.234403983057018095e-02
7.217736519207432200e-02
7.332959421471885175e-02
7.448182323736339538e-02
7.563405226000792514e-02
7.678628128265246877e-02
7.793851030529699853e-02
7.909073932794152828e-02
8.024296835058607191e-02
8.139519737323060167e-02
8.254742639587556163e-02
8.369965541852010527e-02
8.485188444116463502e-02
8.600411346380916477e-02
8.715634248645370841e-02
8.830857150909823816e-02
8.946080053174276792e-02
9.061302955438731155e-02
9.176525857703184130e-02
9.291748759967638494e-02
9.406971662232091469e-02
9.522194564496587466e-02
9.637417466761040441e-02
9.752640369025494804e-02
9.867863271289947780e-02
9.983086173554400755e-02
1.009830907581885373e-01
1.021353197808330809e-01
1.032875488034776107e-01
1.044397778261221543e-01
1.055920068487666841e-01
1.067442358714112138e-01
1.075268820000000042e-01
1.075268820000000042e-01
1.075268820000000042e-01
1.075268820000000042e-01
1.075268820000000042e-01
1.075268820000000042e-01
1.075268820000000042e-01
1.075268820000000042e-01
1.075268820000000042e-01
1.075268820000000042e-01
1.075268820000000042e-01
1.075268820000000042e-01
1.075268820000000042e-01
1.075268820000000042e-01
1.075268820000000042e-01
1.075268820000000042e-01
1.084109822563687209e-01
1.095632112790132645e-01
1.107154403016577943e-01
1.118676693243023240e-01
1.130198983469468538e-01
1.141721273695913974e-01
1.153243563922359272e-01
1.164765854148808871e-01
1.176288144375254169e-01
1.187810434601699466e-01
1.199332724828144903e-01
1.210855015054590200e-01
1.222377305281035498e-01
1.233899595507480795e-01
1.245421885733926232e-01
1.254480289999999887e-01
1.254480289999999887e-01
1.254480289999999887e-01
1.254480289999999887e-01
1.254480289999999887e-01
1.254480289999999887e-01
1.254480289999999887e-01
1.254480289999999887e-01
1.254480289999999887e-01
1.254480289999999887e-01
1.254480289999999887e-01
1.254480289999999887e-01
1.254480289999999887e-01
1.254480289999999887e-01
1.254480289999999887e-01
1.254480289999999887e-01
1.277307468750503994e-01
1.311874339429840164e-01
1.346441210109176334e-01
1.381008080788512227e-01
1.415574951467848397e-01
1.450141822147184290e-01
1.484708692826520460e-01
1.519275563505856352e-01
1.553842434185192523e-01
1.588409304864528693e-01
1.622976175543877353e-01
1.657543046223213246e-01
1.692109916902549416e-01
1.726676787581885586e-01
1.761243658261221479e-01
2.096404615280988704e-01
4.942410293497663254e-01
7.788415971714338637e-01
1.063442164993101180e+00
1.348042732814768829e+00
1.632643300636436257e+00
1.917243868458208489e+00
2.201844436279875694e+00
2.486445004101543343e+00
2.771045571923210549e+00
3.055646139744878198e+00
3.340246707566545403e+00
3.624847275388213053e+00
3.909447843209880702e+00
4.194048411031548795e+00
4.478648978853216001e+00
4.484569551857266134e+00
4.265646038133378504e+00
4.046722524409571697e+00
3.827799010685764447e+00
3.608875496961957197e+00
3.389951983238150390e+00
3.171028469514343584e+00
2.952104955790536334e+00
2.733181442066729083e+00
2.514257928342922277e+00
2.295334414619115471e+00
2.076410900895308220e+00
1.857487387171420590e+00
1.638563873447613783e+00
1.419640359723806977e+00
1.200716845999999949e+00
